Fp2 1.15  3.8  0
F6   2.5 2.2 0
F4   1.5 2.  0
C4  2 0.2 0 
C6  3 0 0 
F8 3.2 2.35 0
AF8 2.2 3.2 0
T8 4 -.1 0
Fz 0.0 1.9 0
Cz 0.0 0.3 0.0 
F10 4 2.5 0.0
F2 .8 2 0
FT10 4.8 1.5 0.0
C2 1 0 0 
AF4 1.1 2.9 0 
Fpz 0 4 0 
AFz 0.0 3 0
FC2 0.9 1 0
FC4 1.9 1 0 
FC6 2.8 1.1 0
FT8 3.7 1.2 0
FCz 0 1 0
CPz 0 -1 0
Pz  0 -1.8 0
POz 0.0 -3 0
Oz 0 -4 0 
Iz 0 -5 0 
CP2 0.9 -1 0
CP4 1.9 -1 0 
CP6 2.8 -1.1 0
TP8 3.7 -1.2 0
P10 4 -2.5 0
P8 3.2 -2.45 0
P6   2.5 -2.2 0
P4   1.5 -2.0  0
P2 .8 -2 0
TP10 4.8 -1.5 0.0
PO8 2.2 -3.2 0
PO4 1.1 -2.9 0 
O2 1.15  -3.8  0
O10   1.5 -4.9  0
PO1 2.8 -4 0














